0 0.57341848125 0.83612125 0.5913374921875 0.8416120390625 0.5910996015625 0.8461512640625 0.613795725 0.8473407171874999 0.6140336171875 0.8428014921875 0.6231120671875 0.8432772734375 0.6235878484375 0.8341988234375 0.6281270734375 0.8344367140625 0.6283649640625 0.8298974890625 0.6329041890625 0.8301353796875001 0.63409364375 0.807439253125 0.62955441875 0.8072013625000001 0.6300302 0.7981229125 0.6211896390625 0.79310790625 0.6214275296875 0.78856868125 0.5944300703125001 0.7826021109375 0.5941921796875 0.7871413359375 0.5851137296875 0.7866655546875 0.5800987234375 0.7955061140625 0.575559496875 0.7952682234374999 0.5748458249999999 0.8088858999999999 0.5703066 0.8086480093749999 0.5693550375 0.8268049109375 0.5738942625 0.8270428015625001 0.57341848125 0.83612125
0 0.0838958359375 0.7968113796875 0.092736396875 0.8018263859375001 0.09249850625 0.806365609375 0.09703773125000001 0.8066034999999999 0.096799840625 0.8111427250000001 0.10587829062500001 0.8116185078125 0.1056404 0.8161577328125 0.12833652499999998 0.8173471859375001 0.128574415625 0.8128079609375 0.137652865625 0.8132837421874999 0.1426678734375 0.8044431843750001 0.1472070984375 0.8046810750000001 0.1476828796875 0.7956026234375 0.1522221046875 0.7958405140625 0.15364945000000002 0.7686051625 0.1448088890625 0.76359015625 0.1450467796875 0.75905093125 0.1405075546875 0.758813040625 0.1407454453125 0.7542738156250001 0.113747984375 0.7483072468749999 0.11351009375000001 0.752846471875 0.1044316453125 0.7523706906250001 0.1041937546875 0.7569099140625 0.095115303125 0.7564341328124999 0.09487741250000001 0.7609733578125 0.0903381875 0.7607354671875 0.08986240625 0.7698139187499999 0.08532318125 0.7695760265625 0.0838958359375 0.7968113796875
0 0.8180415562500001 0.77156263125 0.8225807812499999 0.771800521875 0.822342890625 0.776339746875 0.8450390171875 0.7775292 0.8452769078125 0.772989975 0.8543553578124999 0.77346575625 0.85459325 0.76892653125 0.859132475 0.769164421875 0.8596082562499999 0.7600859718749999 0.8641474796875 0.7603238625000001 0.8653369328125 0.7376277375 0.860797709375 0.737389846875 0.8612734906249999 0.7283113953125 0.856734265625 0.7280735046875 0.85697215625 0.7235342796875 0.84789370625 0.7230584984374999 0.848131596875 0.7185192734375 0.8254354703125 0.71732981875 0.8251975796875 0.7218690453125001 0.816119128125 0.7213932640625 0.8111041234374999 0.7302338234375 0.8065648984375 0.7299959328125001 0.8053754453125 0.7526920578125 0.8099146703125 0.7529299484374999 0.8094388890624999 0.7620083984375 0.818279446875 0.76702340625 0.8180415562500001 0.77156263125
0 0.7871992421875 0.6652573265624999 0.782660015625 0.6650194359375 0.7828979078125 0.6604802109375 0.75112333125 0.6588149750000001 0.746108325 0.6676555359375 0.7415691 0.6674176453125 0.7403796453125 0.6901137687500001 0.74922020625 0.6951287765624999 0.748982315625 0.6996680015625001 0.776217665625 0.7010953453125001 0.781232671875 0.6922547859375 0.785771896875 0.6924926765625 0.7871992421875 0.6652573265624999
0 0.910947775 0.6489842484375 0.915487 0.6492221390624999 0.91596278125 0.640143690625 0.9205020062499999 0.64038158125 0.921691459375 0.6176854546875 0.9080737843750001 0.6169717828125 0.908311675 0.6124325578125001 0.899233225 0.6119567765625 0.8989953343750001 0.6164960015625 0.8899168843749999 0.6160202203125 0.8849018765625001 0.6248607796875 0.8803626515625 0.6246228890625 0.8791731984375 0.6473190140625 0.8837124234375 0.6475569046875 0.8834745328125001 0.6520961296875 0.910709884375 0.653523475 0.910947775 0.6489842484375
0 0.9833374859375 0.6573297250000001 0.9878767109375 0.6575676171875 0.988828275 0.6394107171875001 0.9842890484375 0.6391728265625 0.9847648296875 0.630094375 0.9759242703125001 0.62507936875 0.9761621609375 0.62054014375 0.9580052609375 0.61958858125 0.9529902546875 0.628429140625 0.9484510296875 0.62819125 0.9479752484375 0.6372696999999999 0.9434360234374999 0.637031809375 0.9470236859375 0.6554266 0.9558642453124999 0.66044160625 0.9556263546875 0.6649808328125 0.9783224796875001 0.6661702859374999 0.9833374859375 0.6573297250000001
0 0.6558357765625 0.6970066640625 0.6565216859375 0.711487534375 0.65955750625 0.7224803421875 0.6658147046875 0.7271417203125 0.6780615984375 0.727783553125 0.6876911609375 0.723232496875 0.696030928125 0.7157248546874999 0.6974307796875 0.7027977875 0.691663796875 0.6881680218749999 0.6558357765625 0.6970066640625
0 0.6111242406249999 0.711257278125 0.6059074546875001 0.726168875 0.6067443578125 0.737768671875 0.614593328125 0.7396245125 0.6290015546875 0.740379615625 0.643636190625 0.7368130953125 0.6513309828125 0.7278271546874999 0.652617590625 0.7170609171875 0.6518940093750001 0.7033002984375 0.633695009375 0.7059577499999999 0.6111242406249999 0.711257278125
0 0.576675859375 0.7325816265625 0.5779875328124999 0.7231757328125 0.569619590625 0.7156001296875 0.549032925 0.722465940625 0.5265869890625 0.7234563640625 0.5232523718750001 0.73194854375 0.53451790625 0.7513173640625 0.5400923796875 0.7552207296875 0.551656709375 0.7551045249999999 0.5628025484375 0.7491884359375 0.5740617140625 0.7411115609375 0.576675859375 0.7325816265625
0 0.5365650453125 0.7691227671875 0.5336086984375 0.754880934375 0.520185175 0.74912171875 0.517989440625 0.763451571875 0.506315053125 0.779451396875 0.4962325234375 0.79264565 0.5003285421875 0.797193803125 0.5176183375 0.798099921875 0.532290796875 0.7938131562499999 0.538620221875 0.7833111625 0.5365650453125 0.7691227671875
0 0.646728309375 0.6640282843749999 0.65996309375 0.67338883125 0.6728549625 0.6755089640625 0.6810814078125 0.670162146875 0.686690521875 0.659622403125 0.68919150625 0.65325325625 0.68956898125 0.6460505953125 0.6883923515625 0.6409332140624999 0.6438812234375 0.6494341515625 0.646728309375 0.6640282843749999
0 0.6800084625 0.6217154171875 0.6764240359375 0.6067393578125 0.6670347265625 0.5935901343750001 0.6526265 0.59283503125 0.6342388390625 0.5990938421875 0.6276451 0.6146377000000001 0.6298850359375 0.6270332703125 0.6380392515625 0.6368498234375 0.6545709078125 0.638438440625 0.667006615625 0.635478946875 0.673071809375 0.6300188421875 0.6800084625 0.6217154171875
0 0.6430283125 0.569220146875 0.6359705515625 0.5597526015625001 0.6235740765625 0.5544779140625 0.6056770593749999 0.5513732250000001 0.605186340625 0.5607367156249999 0.6097762671875 0.5696442046875 0.6153917546875001 0.5865501703125 0.61880505 0.590340275 0.6327192937499999 0.5867360234375 0.6435254859375 0.587302353125 0.6441671953125 0.575057796875 0.6430283125 0.569220146875
0 0.6029670234375 0.5567224734375 0.5791761140625 0.56081805625 0.5679925265625 0.5674544125 0.56575904375 0.5825045359375001 0.5709560390624999 0.5936105828125 0.5795254796875 0.5955041859375 0.6004173125000001 0.59659908125 0.6135734140625 0.593677340625 0.614935596875 0.5814705265625 0.6104211640625 0.5711225 0.6029670234375 0.5567224734375
0 0.576514584375 0.52889974375 0.5673411796875001 0.53853044375 0.56609231875 0.54857643125 0.5811831921875 0.5500895546875 0.5957045796875 0.548683846875 0.610263796875 0.546557890625 0.6039865546875001 0.5372686515625 0.592476834375 0.527569546875 0.576514584375 0.52889974375
0 0.5268537125 0.5325760500000001 0.5149400671875 0.5321729765625001 0.5109983 0.538466609375 0.5106208234375 0.54566929375 0.5174474234375 0.5532495234375 0.530452534375 0.5532088421875 0.538414825 0.5529038796875 0.5414474609375 0.5501738406250001 0.5404973171874999 0.5407348375 0.5328748359375 0.5345573953125 0.5268537125 0.5325760500000001
0 0.5795680546875001 0.5257078609375 0.5619180218750001 0.5247828625000001 0.5480644781249999 0.528606978125 0.5394938265625 0.5377636875 0.5415132078125 0.5474753921875 0.5484146703125 0.5508705125 0.5570403984375 0.55031141875 0.5646575765625 0.5496994828124999 0.5670446046875 0.5427465625 0.571023828125 0.5343603796874999 0.5768616109375 0.529105028125 0.5795680546875001 0.5257078609375
0 0.4979309640625 0.5396300453125 0.485616725 0.5430292578125 0.48214177031250005 0.551441871875 0.49159108125 0.5544649578125 0.5018089625 0.5524725859374999 0.5149468421875001 0.5526555390625 0.51948541875 0.5528933953124999 0.5103531328125 0.54382006875 0.50793110625 0.53907500625 0.4979309640625 0.5396300453125
0 0.57961689375 0.6212635828125 0.5764039453125 0.6150283390625 0.5715432765624999 0.610684165625 0.5627859859375001 0.604708778125 0.5433853140625 0.60824218125 0.5341254265625001 0.62090176875 0.5325355093749999 0.631941028125 0.5379528046875001 0.6443586796874999 0.5544356953125 0.6482559421875 0.5651578453125 0.646290009375 0.5724292359375001 0.642626509375 0.58293776875 0.635088075 0.57961689375 0.6212635828125
0 0.5754881078125 0.6710988546875 0.560232515625 0.6701737343749999 0.5481509453125 0.6716884734375 0.5399525093750001 0.6833925546875 0.539265503125 0.6965014140625 0.5458498875 0.7059467859375 0.560872803125 0.7087563984374999 0.5705070796875 0.7082501640625 0.577353465625 0.70304766875 0.5824469328124999 0.6926975984375 0.5795774875 0.6799079124999999 0.5754881078125 0.6710988546875
0 0.6201659109375 0.6799121921875 0.6275154953125 0.6602851015625 0.6238635796875001 0.6495609828125 0.609430484375 0.6435382125 0.586262296875 0.64337726875 0.575315965625 0.6512298234375 0.589558225 0.6715263765625 0.6074487328125 0.6813522734374999 0.6201659109375 0.6799121921875
0 0.5947127328125 0.602742409375 0.5798942921875 0.6040723625 0.5758616859375 0.620713428125 0.5857071625 0.633868696875 0.5939467031250001 0.637460315625 0.6065539015625 0.6381210312500001 0.618605846875 0.62927316875 0.6213126359375 0.6178290484375 0.6108961093749999 0.6081623359375 0.5947127328125 0.602742409375
0 0.636585525 0.6681333640625 0.6263547109375 0.662330828125 0.6112059796875 0.6699631453125 0.6020856625000001 0.6831777625 0.6067881515625 0.693956940625 0.6192300859375 0.6977688015625 0.6289056468750001 0.6940628203125 0.6436690390625001 0.6937832296875001 0.6433341015625 0.6800730796875001 0.636585525 0.6681333640625
0 0.514867371875 0.5985578921875 0.5326174406249999 0.6015946875 0.54859655 0.598219003125 0.5574967859375 0.5892059671875 0.5517987796875 0.577321309375 0.5445546484375 0.5748351 0.52249208125 0.5736788500000001 0.5157481515625 0.58175161875 0.514867371875 0.5985578921875
0 0.623202996875 0.662165653125 0.6355898859375 0.6670279375 0.6468712703125 0.6728855312500001 0.6545556734375 0.6669686390625 0.644502296875 0.65449221875 0.6388471640625 0.6450798765625 0.6239736765624999 0.647460196875 0.623202996875 0.662165653125
0 0.6480365859375 0.690852315625 0.6605336875 0.693613815625 0.6786691 0.6892978296875001 0.685137784375 0.6864770328125 0.6865736953125 0.6791793625 0.6783892078125 0.6745373171875 0.6689338390625 0.6740417828124999 0.663680753125 0.6737664796875 0.652954615625 0.6774174609375 0.6480365859375 0.690852315625
0 0.5753393124999999 0.751292215625 0.5622366765625 0.7600850171875 0.5576489359375 0.76721750625 0.5548872140625 0.77971205625 0.5683247890625001 0.7846294031250001 0.5844139890625 0.7791529875000001 0.5963558453125 0.7724058578124999 0.605035884375 0.7675943921874999 0.5983867390625 0.7563850265625 0.5753393124999999 0.751292215625
0 0.5826794859375 0.6916402109375 0.57671076875 0.705019940625 0.5946259828125 0.704905584375 0.6062927124999999 0.7034104578125 0.6127063515625 0.7016400218750001 0.6028609921875 0.6884847640625 0.602250809375 0.6800265546875 0.5887031375 0.6772099921875 0.5826794859375 0.6916402109375
0 0.544109615625 0.563225740625 0.5425085578125 0.5736745890625 0.5506381124999999 0.5793670375 0.562139575 0.5810230828125 0.558272115625 0.5945129625 0.5623093703125 0.5978843859375 0.5717647390625 0.598379921875 0.568112825 0.5876557703125 0.5656216984375 0.5748858984375 0.5739666859375 0.55636428125 0.544109615625 0.563225740625
0 0.5274651609375 0.5591936343749999 0.5181749375 0.55554691875 0.5042419265625 0.5600830828125 0.499599253125 0.5682660015625001 0.5076185953125 0.576059203125 0.5116558484375 0.579430590625 0.5151976656249999 0.5922555265625 0.5191201750000001 0.5777152515624999 0.5266737078125 0.5686624671875 0.5274651609375 0.5591936343749999
0 0.5369531750000001 0.6884838546875 0.541865728125 0.6781305546875 0.5453374375 0.6714467 0.5504159203125 0.6698403703125 0.5560191046875 0.670134021875 0.562244846875 0.6704602984375 0.5682068671875 0.6639069546874999 0.5565410484375 0.660174734375 0.5452694390625 0.66083234375 0.5338673484375 0.6639797781250001 0.5317060046875 0.6694839765625 0.5315457171875 0.68445550625 0.530466390625 0.6931372203125 0.530140178125 0.6993617421875 0.533253115625 0.6995248843749999 0.536988546875 0.6997206499999999 0.5369531750000001 0.6884838546875
0 0.6085382734375 0.6447990875 0.6277728859375 0.6470554265625 0.63248978125 0.64043684375 0.630390928125 0.6328368828125 0.622001090625 0.6261555546875 0.61718633125 0.6346415203125 0.6152207828125 0.6364110046875 0.60522691875 0.6365114000000001 0.5952330546875 0.6366118078125 0.5851413921875 0.6385795890625 0.581832790625 0.6421511843750001 0.5859950546875 0.6461142734374999 0.5966767265625 0.6448015953125 0.6085382734375 0.6447990875
0 0.626323709375 0.615147153125 0.6297627921875 0.609085753125 0.631586025 0.6046361546875 0.6367388265625 0.59509560625 0.6388349265625 0.5908363203125 0.6250403859375 0.591985853125 0.6129504875 0.5963455734374999 0.6040060875 0.60024595625 0.60630066875 0.6041111828125 0.6136736703125 0.6063700828125 0.619638509375 0.6116759890625 0.6200979656250001 0.6148208765625001 0.626323709375 0.615147153125
0 0.5370753296874999 0.6504162984375 0.5374667859375 0.64294686875 0.5336632906250001 0.6321367578125 0.5340873687500001 0.624044853125 0.53559353125 0.6191304859375 0.54014725 0.6156241578125 0.5392108140625 0.6087859734375 0.5318226515625 0.6076979203125 0.523073978125 0.6078635859375 0.5167177515625 0.6100271140625 0.5195370265625 0.6157923375000001 0.5258960781249999 0.6254880640625 0.528519628125 0.6349879984375 0.528685490625 0.6437349890624999 0.529604396875 0.6500247640625 0.5319968453125 0.6520226578125 0.5370753296874999 0.6504162984375
0 0.5933736328125 0.6720916890625 0.5871478906250001 0.6717654125 0.5848859265625 0.66727769375 0.58027864375 0.66151260625 0.5728911421875 0.6579107984375 0.5677147921875 0.661384509375 0.5667986359375 0.6669539609374999 0.5746311578125 0.672357734375 0.58062855 0.6770412203125 0.5834152109375 0.6834288796875 0.5897061953125 0.682510246875 0.595374621875 0.6815589828124999 0.5992732296875001 0.6786424921875 0.5933736328125 0.6720916890625
0 0.544624715625 0.5659257359375001 0.543919421875 0.56183000625 0.5407234187500001 0.556982996875 0.5352181046875 0.55482198125 0.5270267468750001 0.556265184375 0.526175765625 0.5605897296875 0.5263743187500001 0.5687142640625 0.528046271875 0.5725468609375 0.534206840625 0.5741180499999999 0.5410877640625 0.5738545015625001 0.543643315625 0.572740103125 0.544624715625 0.5659257359375001