0 0.9448669203125 0.9382716046875 0.9657794671875 0.9413580250000001 0.98098859375 0.9228395062500001 0.98098859375 0.8981481484374999 0.9733840296875 0.8703703703125001 0.9543726234375001 0.86419753125 0.9372623578124999 0.8796296296874999 0.9315589359375 0.9104938265625 0.9448669203125 0.9382716046875
0 0.777566540625 0.8333333328125001 0.7984790875 0.8117283953125 0.800380228125 0.7870370375 0.788973384375 0.7561728390625 0.7699619765625 0.7530864203125 0.7509505703125 0.7746913578125 0.7490494296875 0.8117283953125 0.777566540625 0.8333333328125001
0 0.676806084375 0.7530864203125 0.699619771875 0.75 0.711026615625 0.7253086421875 0.709125475 0.691358025 0.6787072249999999 0.67283950625 0.6634980984375 0.691358025 0.6596958171875 0.722222221875 0.676806084375 0.7530864203125
0 0.718631178125 0.9691358031249999 0.7338403046875001 0.972222221875 0.7566539921875 0.953703703125 0.7585551328125 0.9197530859375 0.7509505703125 0.9012345671875 0.7300380234375 0.891975309375 0.711026615625 0.9104938265625 0.707224334375 0.9413580250000001 0.718631178125 0.9691358031249999
0 0.5418250953125 0.6574074078125001 0.5627376421875 0.6574074078125001 0.5779467687500001 0.63580246875 0.5779467687500001 0.5987654328125 0.5684410640625 0.5833333328125 0.5475285171875 0.5802469140625 0.5323193921875 0.5925925921874999 0.5285171109375 0.63271605 0.5418250953125 0.6574074078125001
0 0.8973384031249999 0.8518518515625001 0.916349809375 0.8549382718749999 0.9334600765625 0.8333333328125001 0.9353612171875 0.799382715625 0.9258555140625001 0.777777778125 0.904942965625 0.7746913578125 0.889733840625 0.7870370375 0.8840304187499999 0.8209876546875 0.8973384031249999 0.8518518515625001
0 0.024714828124999998 0.108024690625 0.0399239546875 0.11419753125000001 0.0627376421875 0.0987654328125 0.06653992343750001 0.058641975 0.0532319390625 0.037037037499999995 0.0361216734375 0.0339506171875 0.017110265625000003 0.049382715625000004 0.015209125 0.08333333281250001 0.024714828124999998 0.108024690625
0 0.45057034218750003 0.88580246875 0.46958174843749995 0.88580246875 0.486692015625 0.858024690625 0.484790875 0.8302469140625 0.4714828890625 0.8055555562500001 0.4524714828125 0.8055555562500001 0.4372623578125 0.8302469140625 0.4372623578125 0.86728395 0.45057034218750003 0.88580246875
0 0.404942965625 0.6203703703125 0.423954371875 0.6203703703125 0.4410646390625 0.5925925921874999 0.4410646390625 0.5648148140625 0.42775665468749996 0.5432098765625 0.40684410625 0.54012345625 0.389733840625 0.5648148140625 0.389733840625 0.5956790125 0.404942965625 0.6203703703125
0 0.48859315625 0.8148148140625 0.51140684375 0.8209876546875 0.5323193921875 0.796296296875 0.5323193921875 0.7654320984375 0.5228136875 0.7438271609375 0.5 0.7376543203125 0.484790875 0.7561728390625 0.48098859374999997 0.79012345625 0.48859315625 0.8148148140625
0 0.3650190109375 0.45987654375 0.3802281375 0.45987654375 0.393536121875 0.44753086406250003 0.40114068437499995 0.4104938265625 0.389733840625 0.38271605000000003 0.3650190109375 0.37654320937499997 0.3498098859375 0.3981481484375 0.3498098859375 0.43518518593750005 0.3650190109375 0.45987654375
0 0.2243346 0.45987654375 0.2452471484375 0.46296296249999996 0.2623574140625 0.441358025 0.2642585546875 0.41358024687499995 0.2547528515625 0.3888888890625 0.23764258593749998 0.3796296296875 0.214828896875 0.395061728125 0.21102661562499997 0.43518518593750005 0.2243346 0.45987654375
0 0.0627376421875 0.3395061734375 0.08174905 0.3395061734375 0.10266159687500001 0.30555555624999997 0.10076045625 0.27777777812500004 0.083650190625 0.259259259375 0.0627376421875 0.259259259375 0.0494296578125 0.28086419687499997 0.051330798437500005 0.317901234375 0.0627376421875 0.3395061734375
0 0.184410646875 0.6481481484375 0.203422053125 0.645061728125 0.21863117812500002 0.61728395 0.2167300375 0.5833333328125 0.203422053125 0.5648148140625 0.18250950625 0.5648148140625 0.1673003796875 0.5925925921874999 0.1692015203125 0.6296296296875 0.184410646875 0.6481481484375
0 0.098859315625 0.6481481484375 0.11596958125000001 0.6481481484375 0.1292775671875 0.63271605 0.1349809890625 0.5987654328125 0.121673003125 0.5679012343750001 0.10076045625 0.5648148140625 0.083650190625 0.5833333328125 0.08174905 0.6203703703125 0.098859315625 0.6481481484375
0 0.1330798484375 0.9351851859375 0.1539923953125 0.9351851859375 0.17110266093749998 0.9104938265625 0.17110266093749998 0.8796296296874999 0.1558935359375 0.8549382718749999 0.1368821296875 0.8518518515625001 0.121673003125 0.86728395 0.117870721875 0.9074074078125 0.1330798484375 0.9351851859375
0 0.2756654 0.36728394999999997 0.29847908749999996 0.36419753125 0.307984790625 0.3425925921875 0.307984790625 0.30555555624999997 0.292775665625 0.2870370375 0.2756654 0.2870370375 0.2604562734375 0.3148148140625 0.2604562734375 0.3425925921875 0.2756654 0.36728394999999997
0 0.321292775 0.3703703703125 0.3422053234375 0.3703703703125 0.35741444843750003 0.3425925921875 0.35741444843750003 0.317901234375 0.3403041828125 0.29012345625 0.321292775 0.29012345625 0.307984790625 0.308641975 0.307984790625 0.3518518515625 0.321292775 0.3703703703125
0 0.5893536125 0.6018518515625 0.610266159375 0.5987654328125 0.6197718625 0.5802469140625 0.621673003125 0.549382715625 0.6121673000000001 0.527777778125 0.5893536125 0.5216049375 0.5741444859375 0.5432098765625 0.5741444859375 0.5833333328125 0.5893536125 0.6018518515625
0 0.6254752859375 0.6265432093750001 0.6501901140624999 0.63271605 0.6634980984375 0.61419753125 0.6673003796875 0.586419753125 0.6558935359375 0.558641975 0.6368821296875 0.5524691359375 0.621673003125 0.5648148140625 0.614068440625 0.5987654328125 0.6254752859375 0.6265432093750001
0 0.8041825093750001 0.740740740625 0.8250950578125 0.75 0.8403041828125 0.7345679015625 0.8441064640624999 0.6975308640625 0.8307984796874999 0.67283950625 0.8174904937499999 0.6697530859375 0.7984790875 0.691358025 0.796577946875 0.7160493828125001 0.8041825093750001 0.740740740625
0 0.8555133078124999 0.7561728390625 0.878326996875 0.759259259375 0.89163498125 0.7376543203125 0.89163498125 0.7067901234375 0.878326996875 0.6851851859375 0.8593155890625 0.6851851859375 0.8460076046875 0.7067901234375 0.8460076046875 0.7376543203125 0.8555133078124999 0.7561728390625