0 0.9008982734375 1 0.9089201546875 0.9928768437500001 0.9127827328125001 0.968489478125 0.9096171953125 0.9398640734375 0.8918054968750001 0.9307931937499999 0.872491775 0.9433586625 0.862030346875 0.9729506578124999 0.8700933328125 1 0.9008982734375 1
0 0.697218153125 0.8468504156250001 0.7220044140625 0.8726504203125 0.74603925 0.8545829171875001 0.7517795640625 0.83049295625 0.74534138125 0.7982243234374999 0.7270468578125 0.7922018640624999 0.7048897562499999 0.8105667703125 0.697218153125 0.8468504156250001
0 0.6229664828125 0.7444682265625 0.63503786875 0.7776290718750001 0.6580535046875 0.778149496875 0.673182490625 0.7555465546875 0.676615803125 0.721716521875 0.6494689874999999 0.698667534375 0.631550175 0.714578828125 0.6229664828125 0.7444682265625
0 0.6622527265625 1 0.682519259375 0.9882673875 0.689708040625 0.9550321625 0.6850940375000001 0.935552021875 0.6658874265625 0.92313531875 0.6442131453125 0.9384518015625 0.635629453125 0.968341203125 0.6425504578125001 0.9975614140625 0.6490827 1 0.6622527265625 1
0 0.5174368140625 0.596508490625 0.5074046531249999 0.6355431546875 0.516686215625 0.6620123484375 0.5373412937500001 0.665283790625 0.555742928125 0.6463240765625 0.561536796875 0.609743028125 0.5545622359375 0.593013903125 0.5343899796875 0.5866940390625001 0.5174368140625 0.596508490625
0 0.840033084375 0.844470940625 0.829088834375 0.8771113578125 0.8374047515624999 0.9096773921875 0.8556992734375 0.915699853125 0.8759786421875001 0.8970375421875 0.8831674234375001 0.8638023171875 0.8771585078124999 0.8409763515625001 0.85698625 0.8346564875 0.840033084375 0.844470940625
0 0.0890895625 0 0.0863587328125 0.0126251890625 0.091884825 0.038499575 0.1059410578125 0.04697565 0.1308879828125 0.03530239375 0.13996092499999999 0 0.0890895625 0
0 0.3863727625 0.8163666968750001 0.38057889375 0.8529477453125001 0.3908261 0.8733200984374999 0.40960344531250004 0.8762941375000001 0.43084845781250003 0.8515349859375 0.433316125 0.8238017953125001 0.4240345625 0.7973326015625 0.4052572171875 0.7943585625 0.3863727625 0.8163666968750001
0 0.3809521296875 0.5467674078125 0.3761239046875 0.5772516171875 0.38728320156249996 0.604018215625 0.4060605453125 0.6069922546875001 0.42730555781249996 0.5822331015625 0.4316509609375 0.5547973140625 0.4218865765625 0.5313765421875 0.40171431875 0.525056678125 0.3809521296875 0.5467674078125
0 0.4449038640625 0.7506396953125 0.4358373484375 0.783577515625 0.43948570625 0.8091544984375 0.46105287500000003 0.8188201875000001 0.48557053437500003 0.7977042640625001 0.49039875781250003 0.76722005625 0.48438984218750003 0.744394090625 0.46282267343749994 0.7347284015625 0.4449038640625 0.7506396953125
0 0.367592115625 0.37590720312500003 0.361798246875 0.412488253125 0.3729575421875 0.4392548515625 0.38797941874999997 0.44163408281249994 0.40305485 0.43152222656249994 0.41635965625000004 0.3961307921875 0.4094386515625 0.3669105828125 0.3859937484375 0.3569474890625 0.367592115625 0.37590720312500003
0 0.2347557890625 0.351743103125 0.22472362812500002 0.3907777671875 0.23400519062499997 0.41724696093749997 0.2541774484375 0.42356682343749996 0.2744568140625 0.4049045140625 0.2806799515625 0.37776613124999997 0.2751538578125 0.3518917453125 0.25970271562499997 0.34006984687499997 0.2347557890625 0.351743103125
0 0.08925731875000001 0.2130773921875 0.085341184375 0.2499558453125 0.0932278328125 0.27307921562500004 0.11200517968749998 0.27605325468749997 0.13797130468750002 0.24579206875 0.140438971875 0.218058878125 0.126436296875 0.19709171718750002 0.10578121562500001 0.19382027500000001 0.08925731875000001 0.2130773921875
0 0.1569117921875 0.5394069359375 0.15299565625 0.5762853906250001 0.1651205984375 0.596955146875 0.184380765625 0.596880765625 0.20374804375000002 0.571824209375 0.2071813546875 0.5379941765625 0.19693414843749998 0.5176218234375 0.1762790703125 0.51435038125 0.1569117921875 0.5394069359375
0 0.07573994218749999 0.5171759015624999 0.06806833906250001 0.5534595484375 0.080622546875 0.5835719703125 0.09752215625 0.5862486062500001 0.11308041093750001 0.5730883296875 0.1240246609375 0.5404479125 0.11570874375 0.5078818765625 0.0955364875 0.5015620109375 0.07573994218749999 0.5171759015624999
0 0.06887496875 0.8035786937499999 0.058842807812499995 0.8426133578125 0.0695192828125 0.8724283765624999 0.0901743609375 0.8756998203125 0.1109365515625 0.8539890874999999 0.115764775 0.8235048796875001 0.10460547812500001 0.7967382828125 0.0863109578125 0.790715821875 0.06887496875 0.8035786937499999
0 0.2923748 0.27962185625 0.28802939843750003 0.30705764375 0.2991886953125 0.3338242421875 0.32220433125 0.33434466875 0.334972759375 0.3144927421875 0.3407666296875 0.27791169375 0.3286416875 0.2572419375 0.311742078125 0.2545653015625 0.2923748 0.27962185625
0 0.34028380625 0.28096011249999997 0.3335242921875 0.3236380046875 0.3437715 0.34401035625 0.36442657968750003 0.34728180000000003 0.38379385625 0.32222524375 0.3876564359375 0.297837878125 0.375102228125 0.2677254546875 0.35632488281249997 0.26475141562500004 0.34028380625 0.28096011249999997
0 0.5664721296875 0.55427664375 0.5601954390625 0.5939061140625 0.5723203812500001 0.6145758703124999 0.5934582828125 0.61479889375 0.6057438890625 0.5979953890624999 0.6124498484374999 0.567808584375 0.6064409328125 0.54498261875 0.5848737640625 0.5353169296875 0.5664721296875 0.55427664375
0 0.6100357359374999 0.5830506875 0.5972137515625 0.6153937015625 0.6041347578125 0.6446139109375 0.6275796609375 0.6545770046875 0.6436207359375 0.6383683078125 0.65172160625 0.611527328125 0.6448006015625001 0.5823071171875001 0.6269889015625 0.5732362359375001 0.6100357359374999 0.5830506875
0 0.764869325 0.73569450625 0.7591290109375 0.75978446875 0.76277736875 0.78536145 0.78198398125 0.7977781562499999 0.79941996875 0.784915284375 0.8089693078125 0.7489290421875 0.7996877453125 0.7224598484375 0.787026425 0.7173296 0.764869325 0.73569450625
0 0.809398575 0.7583717078125 0.80457035 0.788855915625 0.8110620875000001 0.8086334609374999 0.8331120796875 0.8152507296874999 0.849635978125 0.795993609375 0.8544642031249999 0.765509403125 0.84469981875 0.7420886296875 0.825922471875 0.7391145906250001 0.809398575 0.7583717078125