0 0.5954545453125 0.790909090625 0.5909090906250001 0.790909090625 0.5909090906250001 0.8045454546874999 0.5863636359375 0.8045454546874999 0.5863636359375 0.8227272734375 0.5909090906250001 0.8227272734375 0.5909090906250001 0.8318181812500001 0.609090909375 0.8363636359375001 0.609090909375 0.8409090906250001 0.63181818125 0.8409090906250001 0.63181818125 0.8363636359375001 0.640909090625 0.8363636359375001 0.640909090625 0.8272727265625001 0.6454545453125 0.8272727265625001 0.6454545453125 0.8227272734375 0.65 0.8227272734375 0.65 0.8 0.6454545453125 0.8 0.6454545453125 0.790909090625 0.6363636359375 0.7863636359374999 0.6363636359375 0.78181818125 0.609090909375 0.7772727265625 0.609090909375 0.78181818125 0.6 0.78181818125 0.5954545453125 0.790909090625
0 0.11818181875 0.7772727265625 0.10909090937499999 0.7772727265625 0.10909090937499999 0.78181818125 0.10454545468750001 0.78181818125 0.10454545468750001 0.790909090625 0.1 0.790909090625 0.1 0.81818181875 0.10909090937499999 0.8227272734375 0.10909090937499999 0.8272727265625001 0.1136363640625 0.8272727265625001 0.1136363640625 0.8318181812500001 0.1227272734375 0.8318181812500001 0.1227272734375 0.8363636359375001 0.1454545453125 0.8363636359375001 0.1454545453125 0.8318181812500001 0.1545454546875 0.8318181812500001 0.15909090937499998 0.8227272734375 0.16363636406249998 0.8227272734375 0.16363636406249998 0.8136363640625 0.16818181875 0.8136363640625 0.16818181875 0.7863636359374999 0.15909090937499998 0.78181818125 0.15909090937499998 0.7772727265625 0.1545454546875 0.7772727265625 0.1545454546875 0.7727272734375 0.1272727265625 0.76818181875 0.1272727265625 0.7727272734375 0.11818181875 0.7727272734375 0.11818181875 0.7772727265625
0 0.8227272734375 0.7136363640625001 0.81818181875 0.7136363640625001 0.81818181875 0.7363636359375 0.8227272734375 0.7363636359375 0.8227272734375 0.7454545453125 0.8318181812500001 0.75 0.8318181812500001 0.7545454546875 0.8363636359375001 0.7545454546875 0.8363636359375001 0.759090909375 0.859090909375 0.759090909375 0.859090909375 0.7545454546875 0.8681818187499999 0.7545454546875 0.8681818187499999 0.75 0.8727272734374999 0.75 0.8727272734374999 0.740909090625 0.8772727265625001 0.740909090625 0.8772727265625001 0.71818181875 0.8727272734374999 0.71818181875 0.8727272734374999 0.709090909375 0.8681818187499999 0.709090909375 0.8681818187499999 0.7045454546875 0.859090909375 0.7045454546875 0.859090909375 0.7 0.8363636359375001 0.7 0.8363636359375001 0.7045454546875 0.8272727265625001 0.7045454546875 0.8227272734375 0.7136363640625001
0 0.75 0.6772727265625 0.759090909375 0.6818181812499999 0.759090909375 0.6863636359374999 0.7863636359374999 0.6863636359374999 0.790909090625 0.6772727265625 0.7954545453125 0.6772727265625 0.7954545453125 0.65 0.790909090625 0.65 0.790909090625 0.6454545453125 0.759090909375 0.6454545453125 0.7545454546875 0.6545454546875 0.75 0.6545454546875 0.75 0.6772727265625
0 0.890909090625 0.6045454546875 0.8863636359375 0.6045454546875 0.8863636359375 0.6272727265625 0.890909090625 0.6272727265625 0.890909090625 0.63181818125 0.9181818187499999 0.63181818125 0.9181818187499999 0.6272727265625 0.9227272734374999 0.6272727265625 0.9227272734374999 0.61818181875 0.9272727265625 0.61818181875 0.9272727265625 0.5954545453125 0.9136363640624999 0.5954545453125 0.9136363640624999 0.5909090906250001 0.9045454546875 0.5909090906250001 0.9045454546875 0.5954545453125 0.8954545453125 0.5954545453125 0.890909090625 0.6045454546875
0 0.9545454546875 0.6136363640625 0.95 0.6136363640625 0.9545454546875 0.63181818125 0.9636363640625 0.6363636359375 0.9636363640625 0.640909090625 0.9863636359375001 0.640909090625 0.990909090625 0.63181818125 0.9954545453125 0.63181818125 0.9954545453125 0.6136363640625 0.990909090625 0.6136363640625 0.990909090625 0.6045454546875 0.9818181812500001 0.6 0.9818181812500001 0.5954545453125 0.9636363640625 0.5954545453125 0.959090909375 0.6045454546875 0.9545454546875 0.6045454546875 0.9545454546875 0.6136363640625
0 0.677475140625 0.718152359375 0.689738840625 0.718152359375 0.6991170234374999 0.71310356875 0.707052440625 0.7051697453125 0.7077738234375001 0.6921871312500001 0.7012490812500001 0.6778792359375 0.665932740625 0.688580859375 0.66737558125 0.7030059859375 0.670982559375 0.7138248453125 0.677475140625 0.718152359375
0 0.641405259375 0.7332987640625 0.65583318125 0.7289712140625 0.663047140625 0.7195948734375001 0.6637685234374999 0.7087760546874999 0.662325759375 0.6950721640624999 0.6442907812499999 0.6986784359375 0.6220283 0.7051519640625 0.6175990765625 0.72031615 0.61904191875 0.73185625 0.626977259375 0.7332987640625 0.641405259375 0.7332987640625
0 0.5353597546875 0.73041373125 0.5476235359375 0.7491664140625 0.5533946546874999 0.7527726859375 0.5649370546875 0.752051409375 0.5757579953125 0.7455601 0.58657901875 0.7369050359375 0.588743159375 0.7282499765625 0.58956076875 0.7187883265624999 0.58080781875 0.71166105 0.5606086953125 0.7195948734375001 0.5382453546875 0.7217586687499999 0.5353597546875 0.73041373125
0 0.5209317546875 0.7787379140625 0.5115535765625 0.7924417640625 0.5158820140625 0.7967693140625001 0.5331955359375 0.7967693140625001 0.5476235359375 0.7917205265625 0.5533946546874999 0.78090166875 0.55059973125 0.7668402765625 0.5469020765625 0.7527726859375 0.5331955359375 0.7477238953125 0.5317527765625 0.7621490265624999 0.5209317546875 0.7787379140625
0 0.689738840625 0.6604518765625 0.694788659375 0.64963301875 0.69695288125 0.643141709375 0.69695288125 0.6359291640625 0.695510040625 0.6308803765625 0.65150481875 0.6416991953125 0.6551118 0.6561243234374999 0.668818340625 0.6647793859375 0.6818035 0.6662219046875 0.689738840625 0.6604518765625
0 0.633469840625 0.6078001640624999 0.6363554406249999 0.62006151875 0.6450122406250001 0.6294378593750001 0.66160438125 0.6301591 0.673868159375 0.6265528265625 0.67963928125 0.6207827765625 0.686131859375 0.6121276953125 0.681768559375 0.5973597546875 0.6717039406249999 0.58471995 0.657275940625 0.58471995 0.639241040625 0.59193251875 0.633469840625 0.6078001640624999
0 0.61327071875 0.5638035140625 0.6197633 0.58039241875 0.6233702765625 0.583998690625 0.63707681875 0.5796711640625001 0.647897840625 0.5796711640625001 0.647897840625 0.5674098046875 0.646455 0.561639759375 0.63891141875 0.5525545640625 0.6262558765625 0.5479358859375 0.6082209 0.545772109375 0.6082209 0.55514845 0.61327071875 0.5638035140625
0 0.5757579953125 0.5897687406250001 0.5844147953125 0.591211259375 0.6053353 0.591211259375 0.618320459375 0.5876049859375 0.61904191875 0.5753436093750001 0.6139921 0.56524603125 0.6057945359375 0.551255859375 0.5822505765625 0.55659095 0.5714296359375 0.5638035140625 0.5699868765625 0.5789499046875 0.5757579953125 0.5897687406250001
0 0.5685440359375 0.5450508546874999 0.58369341875 0.545772109375 0.5981213359375 0.5436083359375 0.6125493359374999 0.5407233234375 0.6057945359375 0.531775340625 0.5937929765625001 0.5226919 0.57792221875 0.5248556734375 0.5692654187499999 0.5349532734375 0.5685440359375 0.5450508546874999
0 0.5202103765625 0.55226341875 0.5331955359375 0.5515421593750001 0.5411309546874999 0.5508209 0.5440165546875 0.5479358859375 0.5425737140625 0.5385595453125 0.5346383765625 0.5327895 0.528521809375 0.531125990625 0.5166033953125 0.53134698125 0.5129964140625 0.5378382859374999 0.5129964140625 0.5450508546874999 0.5202103765625 0.55226341875
0 0.5510106765625 0.5482669687499999 0.5595953234375 0.5472572046875 0.5671700359375 0.5462474546875 0.5691899046875 0.5391791359375 0.5727247765625 0.5305961906250001 0.5782795140625 0.5250425140625 0.5808044546875 0.5215083593750001 0.5631302 0.5215083593750001 0.54949578125 0.5260522734374999 0.5414161 0.5356449859375 0.5439409859375 0.5452376953125 0.5510106765625 0.5482669687499999
0 0.49445308125 0.5548304046875 0.5045526859375 0.552306 0.5176821359375 0.55180111875 0.522226940625 0.55180111875 0.512632309375 0.5432181734375 0.5099652640625 0.5386063734375 0.5000078765625 0.5396840187499999 0.4878884140625 0.54372305 0.48485850468749997 0.552306 0.49445308125 0.5548304046875
0 0.53939618125 0.63005743125 0.5454559406249999 0.6421745453125001 0.562120209375 0.64520381875 0.5727247765625 0.6426794265625 0.5797944687500001 0.638640390625 0.58989406875 0.6305623140625001 0.5858542265625 0.61693056875 0.5823193546875001 0.6108720234375 0.577237990625 0.606788190625 0.5681799734374999 0.6012793140625 0.5489908140625 0.6058232265625 0.5404061687499999 0.6189500906250001 0.53939618125 0.63005743125
0 0.5565654734375001 0.7032649453125 0.5717148453124999 0.7052844687500001 0.5813094234375 0.704274709375 0.58787415 0.6987210312500001 0.5924189546874999 0.6881185734375 0.58888408125 0.675496590625 0.5843392765625001 0.6669136265625 0.5690561734374999 0.6667881906249999 0.5570704359375 0.6689331546874999 0.54949578125 0.68105026875 0.54949578125 0.69417711875 0.5565654734375001 0.7032649453125
0 0.6315212453125 0.6428734953124999 0.6167927234375 0.63761435 0.5936478640625 0.6386661546875 0.5831275046875 0.6470808359375 0.5984124859375 0.666604190625 0.6167927234375 0.6754803046875 0.6294171046875 0.67337663125 0.6357294140625 0.653391790625 0.6315212453125 0.6428734953124999
0 0.59259585 0.62919966875 0.60101206875 0.632355140625 0.6136365687499999 0.632355140625 0.6252089359374999 0.6228886546875 0.6273130765625 0.6113185546875 0.616404909375 0.60221025 0.5999600546875 0.5976447234375 0.5852315265625 0.5997483906250001 0.5820753734374999 0.6165777 0.59259585 0.62919966875
0 0.6115325406250001 0.6775839734375 0.6167927234375 0.68810226875 0.6294171046875 0.6912577453125001 0.63888545 0.6870504640624999 0.6536139765625 0.6859986 0.6525619640625 0.67232476875 0.645197759375 0.660754609375 0.6346772859375001 0.6554954640624999 0.6199487593749999 0.6639101453125 0.6115325406250001 0.6775839734375
0 0.5536703359375 0.59554105 0.56208666875 0.5860745640625 0.5557744765625 0.5745044046875 0.5484101546875 0.57240073125 0.526317309375 0.57240073125 0.52000511875 0.5808153859375 0.52000511875 0.5976447234375 0.5378897953124999 0.5997483906250001 0.5536703359375 0.59554105
0 0.64414563125 0.6597028046875 0.6557181187500001 0.66496195 0.6630823234375 0.6586509953124999 0.652389759375 0.6467178265625 0.6462497734375 0.63761435 0.6315212453125 0.6407698265625 0.6315212453125 0.6554954640624999 0.64414563125 0.6597028046875
0 0.6946435140625 0.676532109375 0.6956955265625 0.669169290625 0.687279309375 0.66496195 0.6778109640625 0.66496195 0.67255066875 0.66496195 0.662030309375 0.669169290625 0.6578221453124999 0.6828431234375001 0.6704466453125 0.684946790625 0.6883313234374999 0.6796875859375 0.6946435140625 0.676532109375
0 0.569450990625 0.7764561453125001 0.5831275046875 0.7806634859375 0.598908040625 0.77435253125 0.6104804140625 0.766989659375 0.6188967453124999 0.761730509375 0.611670059375 0.7508844953125 0.58838768125 0.7470048734375 0.5757631812499999 0.7564713640625 0.5715550140625 0.76383418125 0.569450990625 0.7764561453125001
0 0.60522023125 0.6996724265625 0.6167927234375 0.697568759375 0.6231049140625 0.6954650859375 0.6125845546875001 0.6828431234375001 0.6115325406250001 0.6744284406250001 0.5978560265625 0.67232476875 0.59259585 0.6870504640624999 0.5873355546875 0.7007242359375 0.60522023125 0.6996724265625
0 0.56313868125 0.591333709375 0.5673468500000001 0.5944892187499999 0.5768151953125 0.5944892187499999 0.5726070265625001 0.5839708906250001 0.569450990625 0.5713488953125 0.5768151953125 0.55241591875 0.5473581453125 0.5608305734375 0.5463061312499999 0.5713488953125 0.5547224640625 0.5766080734375 0.5662948359375 0.577659909375 0.56313868125 0.591333709375
0 0.5031725687499999 0.56819341875 0.5115887859375 0.575556240625 0.51579695 0.5787117140625 0.52000511875 0.591333709375 0.5231612734375 0.5766080734375 0.53023066875 0.5671723734375 0.5305254765625 0.5576750953125 0.52105713125 0.554519590625 0.50738061875 0.5597787359375 0.5031725687499999 0.56819341875
0 0.540532659375 0.667592340625 0.541156140625 0.682551740625 0.540532659375 0.6912780453125 0.540532659375 0.6975111093749999 0.54364986875 0.6975111093749999 0.5473904265625 0.6975111093749999 0.5467670140625 0.6862915640625 0.5511309859375 0.67569535 0.5542481312499999 0.668838959375 0.5592355859375 0.6669690453125 0.564846459375 0.6669690453125 0.5710807453125 0.6669690453125 0.57669161875 0.6601126546875 0.564846459375 0.6569960906250001 0.5536247140625 0.658242709375 0.5424029734375 0.6619825687499999 0.540532659375 0.667592340625
0 0.6122271640625 0.6308171640625 0.60225225 0.6314404734375 0.5922774046875 0.6339337140625 0.589160259375 0.6376735734375 0.59352423125 0.6414133953125 0.6041225640625 0.6395434812499999 0.6159677234375 0.638920190625 0.6352940640625 0.6401667765625 0.6396581046875001 0.6333103999999999 0.6371643765624999 0.6258307000000001 0.6284363640625 0.6195976187500001 0.6240723234375001 0.628323940625 0.6222020765625 0.6301938687499999 0.6122271640625 0.6308171640625
0 0.61783803125 0.5903021640625 0.60911001875 0.5946653140625 0.6116037453125001 0.5984051546875 0.6190848640625 0.6002750859375 0.62531921875 0.6052615453125 0.6259426359375 0.6083780765625 0.6321769234375 0.6083780765625 0.6352940640625 0.6021449953125 0.6368819234374999 0.5976060734375 0.64152835 0.5878089234375 0.6433986640625 0.5834457734375 0.629683190625 0.58531568125 0.61783803125 0.5903021640625
0 0.5255703546875 0.614611159375 0.5324281265625 0.623960790625 0.53554526875 0.6333103999999999 0.5361686859375 0.6420367234375 0.5374155140625 0.6482697859375001 0.5399092453125001 0.65013973125 0.5448967 0.6482697859375001 0.5448967 0.6407901046875 0.540532659375 0.6301938687499999 0.540532659375 0.622090859375 0.541779559375 0.6171044 0.54614353125 0.6133645546875 0.5448504953125 0.60658475 0.5374155140625 0.6058848546875 0.5286875 0.6065081640625001 0.5224532140625 0.6090013859375001 0.5255703546875 0.614611159375
0 0.5835493859375 0.66821563125 0.5897836734374999 0.67257881875 0.59290081875 0.6788118812499999 0.5991351046875 0.6775652640625001 0.6047459765625 0.676318640625 0.6084866046874999 0.673202109375 0.60225225 0.6669690453125 0.5960179640625001 0.6669690453125 0.59352423125 0.6626058593749999 0.5886215406249999 0.6570898 0.581055659375 0.653879559375 0.5760682046875 0.65761941875 0.5754447859375 0.6632291859375 0.5835493859375 0.66821563125
0 0.5293109140625 0.5591367593750001 0.5299343999999999 0.56723976875 0.5318046453124999 0.5709796093749999 0.538039 0.5722262265625 0.5448967 0.57160291875 0.5473904265625 0.5703563 0.5480138453125 0.563499909375 0.5470951640624999 0.5594467046875 0.54364986875 0.5547736046875 0.538039 0.5529036765625001 0.5299343999999999 0.5547736046875 0.5293109140625 0.5591367593750001