5 0.14375 0.478125 0.0046875 0.003125
5 0.15078125 0.478125 0.003125 0.003125
5 0.29609375 0.4734375 0.003125 0.0046875
5 0.0328125 0.4828125 0.0046875 0.0046875
5 0.29296875 0.47265625 0.003125 0.003125
5 0.01875 0.4828125 0.0046875 0.0046875
5 0.1875 0.47890625 0.0046875 0.0046875
5 0.340625 0.47265625 0.0046875 0.003125
5 0.0921875 0.48359375 0.0046875 0.0046875
5 0.64921875 0.4734375 0.003125 0.0046875
5 0.7359375 0.4734375 0.0046875 0.0046875
5 0.6984375 0.50546875 0.00625 0.00625
5 0.93671875 0.534375 0.0078125 0.0078125