5 0.721875 0.55625 0.0125 0.0125
5 0.55625 0.56953125 0.00625 0.0046875
5 0.7875 0.56875 0.00625 0.00625
5 0.45078125 0.57109375 0.0046875 0.0046875
5 0.42421875 0.57109375 0.0046875 0.0046875
5 0.40234375 0.57265625 0.0046875 0.0046875
5 0.43359375 0.57578125 0.0046875 0.0046875
5 0.39609375 0.57734375 0.0046875 0.0046875
5 0.4265625 0.57734375 0.00625 0.0046875
5 0.45 0.578125 0.00625 0.00625
5 0.415625 0.5796875 0.00625 0.00625
5 0.45546875 0.58359375 0.0046875 0.0046875
5 0.390625 0.5828125 0.00625 0.00625
5 0.4 0.5828125 0.00625 0.00625
5 0.3640625 0.584375 0.00625 0.00625
5 0.2140625 0.5890625 0.00625 0.00625
5 0.2375 0.5890625 0.00625 0.00625
5 0.3109375 0.590625 0.00625 0.00625
5 0.15625 0.596875 0.00625 0.00625
5 0.125 0.6 0.00625 0.00625
5 0.003125 0.60625 0.00625 0.00625
5 0.02890625 0.61171875 0.0078125 0.0078125
5 0.06484375 0.61171875 0.0078125 0.0078125