5 0.72890625 0.5046875 0.015625 0.015625
5 0.5703125 0.55546875 0.0078125 0.00625
5 0.7953125 0.50234375 0.0078125 0.0078125
5 0.46796875 0.58046875 0.00625 0.00625
5 0.4421875 0.5859375 0.00625 0.00625
5 0.42109375 0.59296875 0.00625 0.00625
5 0.45234375 0.5890625 0.00625 0.00625
5 0.41640625 0.5984375 0.00625 0.00625
5 0.44609375 0.5921875 0.0078125 0.00625
5 0.46875 0.5875 0.0078125 0.0078125
5 0.4359375 0.596875 0.0078125 0.0078125
5 0.47578125 0.59140625 0.00625 0.00625
5 0.41171875 0.60546875 0.0078125 0.0078125
5 0.42109375 0.603125 0.0078125 0.0078125
5 0.38671875 0.6125 0.0078125 0.0078125
5 0.24140625 0.65078125 0.0078125 0.0078125
5 0.2640625 0.64609375 0.0078125 0.0078125
5 0.3359375 0.63046875 0.0078125 0.0078125
5 0.18671875 0.671875 0.0078125 0.0078125
5 0.15703125 0.68203125 0.0078125 0.0078125
5 0.03984375 0.715625 0.0078125 0.0078125
5 0.06640625 0.71484375 0.009375 0.009375
5 0.10078125 0.70703125 0.009375 0.009375