5 0.14453125 0.465625 0.0046875 0.003125
5 0.1515625 0.465625 0.003125 0.003125
5 0.296875 0.46640625 0.003125 0.0046875
5 0.03359375 0.46640625 0.0046875 0.0046875
5 0.29375 0.465625 0.003125 0.003125
5 0.01953125 0.46640625 0.0046875 0.0046875
5 0.18828125 0.46796875 0.0046875 0.0046875
5 0.34140625 0.4671875 0.0046875 0.003125
5 0.09296875 0.46953125 0.0046875 0.0046875
5 0.65 0.47890625 0.003125 0.0046875
5 0.73671875 0.48203125 0.0046875 0.0046875
5 0.6984375 0.5125 0.00625 0.00625
5 0.93515625 0.54921875 0.0078125 0.0078125